0 5
0 6
0 7
0 8
0 9
0 10
0 11
0 13
0 16
0 18
0 20
0 21
0 25
0 26
0 539
0 28
0 32
0 33
0 34
0 36
0 37
0 554
0 557
0 48
0 52
0 521
0 57
0 59
0 63
0 75
0 589
0 78
0 80
0 82
0 84
0 85
0 601
0 91
0 604
0 95
0 97
0 107
0 620
0 112
0 114
0 125
0 126
0 647
0 108
0 140
0 144
0 145
0 146
0 151
0 152
0 155
0 668
0 167
0 169
0 173
0 695
0 190
0 192
0 706
0 707
0 204
0 209
0 725
0 214
0 378
0 222
0 224
0 739
0 228
0 233
0 239
0 240
0 758
0 773
0 276
0 799
0 392
0 306
0 819
0 309
0 330
0 55
0 334
0 336
0 849
0 347
0 862
0 745
0 890
0 385
0 390
0 904
0 393
0 909
0 398
0 399
0 919
0 416
0 667
0 424
0 427
0 942
0 587
0 964
0 965
0 455
0 973
0 467
0 468
0 846
0 478
0 491
1 5
1 6
1 7
1 8
1 9
1 10
1 11
1 12
1 14
1 15
1 144
1 408
1 18
1 152
1 645
1 294
1 39
1 298
1 813
1 46
1 47
1 176
1 392
1 50
1 308
1 777
1 901
1 825
1 948
1 60
1 61
1 65
1 448
1 193
1 834
1 840
1 329
1 77
1 78
1 976
1 217
1 527
1 993
1 866
1 485
1 108
1 829
1 240
1 753
1 242
1 126
1 268
1 119
1 248
1 377
1 380
1 784
2 869
2 174
2 84
2 90
2 955
2 5
2 421
3 514
3 644
3 5
3 6
3 9
3 14
3 15
3 21
3 918
3 153
3 22
3 411
3 29
3 34
3 283
3 113
3 41
3 300
3 50
3 307
3 311
3 571
3 701
3 64
3 193
3 967
3 119
3 858
3 92
3 861
3 225
3 98
3 873
3 234
3 497
3 425
3 746
3 638
4 5
4 6
4 7
4 8
4 10
4 11
4 12
4 13
4 16
4 19
4 23
4 24
4 538
4 27
4 36
4 549
4 41
4 43
4 48
4 49
4 562
4 51
4 52
4 56
4 60
4 61
4 66
4 67
4 69
4 70
4 75
4 599
4 600
4 97
4 102
4 107
4 140
4 116
4 122
4 650
4 651
4 652
4 147
4 150
4 155
4 672
4 165
4 682
4 114
4 694
4 188
4 708
4 726
4 216
4 223
4 224
4 739
4 228
4 519
4 236
4 238
4 258
4 260
4 262
4 275
4 294
4 296
4 300
4 302
4 304
4 306
4 820
4 314
4 319
4 320
4 329
4 337
4 342
4 857
4 349
4 862
4 869
4 871
4 361
4 878
4 387
4 390
4 398
4 922
4 582
4 935
4 437
4 439
4 953
4 993
4 492
4 510
5 6
5 7
5 8
5 10
5 11
5 12
5 13
5 14
5 15
5 17
5 18
5 20
5 22
5 27
5 29
5 30
5 32
5 518
5 38
5 39
5 41
5 555
5 530
5 53
5 569
5 69
5 587
5 78
5 83
5 86
5 89
5 187
5 105
5 106
5 621
5 110
5 626
5 117
5 121
5 122
5 131
5 134
5 138
5 142
5 143
5 146
5 148
5 150
5 151
5 666
5 155
5 165
5 168
5 181
5 182
5 699
5 705
5 195
5 199
5 201
5 202
5 208
5 212
5 215
5 216
5 735
5 224
5 243
5 756
5 248
5 761
5 254
5 769
5 770
5 774
5 268
5 274
5 276
5 277
5 801
5 292
5 301
5 846
5 336
5 340
5 855
5 346
5 349
5 358
5 364
5 371
5 886
5 906
5 398
5 911
5 912
5 913
5 939
5 436
5 438
5 952
5 953
5 956
5 957
5 454
5 462
5 479
5 483
5 998
5 491
5 492
5 495
5 499
5 509
6 518
6 7
6 8
6 9
6 11
6 12
6 13
6 15
6 19
6 20
6 22
6 536
6 25
6 26
6 27
6 29
6 30
6 517
6 33
6 35
6 37
6 38
6 40
6 553
6 44
6 45
6 558
6 47
6 51
6 513
6 566
6 60
6 63
6 72
6 585
6 439
6 525
6 592
6 595
6 86
6 87
6 105
6 109
6 626
6 115
6 118
6 125
6 127
6 134
6 650
6 144
6 661
6 152
6 154
6 157
6 161
6 165
6 685
6 201
6 186
6 189
6 713
6 290
6 208
6 216
6 224
6 226
6 745
6 748
6 241
6 755
6 245
6 250
6 767
6 46
6 797
6 802
6 293
6 299
6 312
6 832
6 656
6 374
6 889
6 892
6 894
6 897
6 898
6 916
6 920
6 951
6 457
6 465
6 471
6 478
6 479
6 488
6 501
7 129
7 17
7 18
7 19
7 25
7 28
7 645
7 34
7 390
7 551
7 43
7 694
7 824
7 442
7 31
7 573
7 838
7 76
7 463
7 848
7 213
7 220
7 94
7 96
7 738
7 998
7 364
7 365
7 630
7 251
7 509
8 9
8 10
8 12
8 15
8 17
8 18
8 512
8 24
8 26
8 32
8 33
8 36
8 40
8 557
8 58
8 61
8 66
8 594
8 83
8 89
8 98
8 112
8 114
8 115
8 117
8 121
8 140
8 660
8 150
8 671
8 160
8 162
8 682
8 171
8 689
8 179
8 181
8 696
8 193
8 708
8 202
8 204
8 208
8 213
8 726
8 216
8 223
8 743
8 234
8 748
8 237
8 434
8 754
8 247
8 761
8 774
8 775
8 783
8 286
8 803
8 297
8 303
8 313
8 833
8 843
8 340
8 349
8 862
8 868
8 360
8 875
8 881
8 883
8 389
8 910
8 749
8 404
8 411
8 426
8 428
8 946
8 441
8 442
8 674
8 469
8 992
8 481
8 496
8 500
8 170
9 130
9 513
9 172
9 13
9 77
9 399
9 17
9 515
9 20
9 21
9 918
9 23
9 792
9 255
9 161
9 219
9 420
9 262
9 65
9 299
9 300
9 45
9 47
9 816
9 136
9 565
9 183
9 568
9 58
9 700
9 61
9 446
9 181
9 192
9 449
9 578
9 579
9 71
9 584
9 73
9 589
9 141
9 592
9 81
9 514
9 339
9 980
9 85
9 88
9 601
9 79
9 216
9 989
9 98
9 614
9 615
9 519
9 610
9 236
9 317
9 221
9 702
9 118
9 631
9 504
9 122
9 447
9 899
9 874
9 605
9 975
10 135
10 16
10 789
10 260
10 27
10 29
10 670
10 289
10 34
10 163
10 37
10 295
10 172
10 45
10 690
10 564
10 30
10 820
10 58
10 192
10 961
10 417
10 976
10 341
10 57
10 728
10 217
10 91
10 221
10 113
10 616
10 106
10 488
10 757
11 395
11 194
11 14
11 16
11 145
11 408
11 388
11 773
11 417
11 291
11 548
11 934
11 44
11 941
11 175
11 52
11 185
11 58
11 458
11 62
11 450
11 68
11 325
11 72
11 586
11 461
11 593
11 910
11 727
11 91
11 314
11 251
11 101
11 104
11 106
11 125
11 116
11 379
11 381
11 213
12 65
12 279
12 14
12 493
12 16
12 531
12 21
12 23
12 792
12 796
12 285
12 31
12 544
12 688
12 38
12 167
12 555
12 428
12 944
12 773
12 54
12 183
12 56
12 825
12 698
12 318
12 64
12 577
12 325
12 70
12 967
12 456
12 590
12 184
12 210
12 497
12 340
12 469
12 89
12 90
12 988
12 94
12 96
12 737
12 738
12 550
12 438
12 974
12 877
12 110
12 111
12 206
12 116
12 888
12 121
12 762
12 127
12 124
12 85
13 131
13 394
13 525
13 142
13 534
13 24
13 132
13 26
13 30
13 545
13 859
13 296
13 173
13 91
13 437
13 446
13 579
13 324
13 78
13 336
13 469
13 87
13 600
13 731
13 93
13 480
13 353
13 879
13 626
13 119
13 893
13 254
14 392
14 777
14 141
14 783
14 535
14 24
14 159
14 160
14 40
14 44
14 945
14 562
14 23
14 585
14 844
14 77
14 207
14 978
14 354
14 99
14 239
14 629
14 126
14 255
15 17
15 19
15 20
15 28
15 29
15 542
15 35
15 38
15 40
15 41
15 42
15 49
15 567
15 57
15 59
15 65
15 581
15 71
15 76
15 593
15 597
15 88
15 89
15 92
15 96
15 611
15 102
15 108
15 128
15 136
15 138
15 146
15 964
15 154
15 163
15 164
15 170
15 692
15 705
15 203
15 208
15 210
15 723
15 727
15 731
15 222
15 229
15 232
15 238
15 296
15 243
15 757
15 760
15 767
15 257
15 264
15 266
15 269
15 270
15 271
15 275
15 801
15 808
15 815
15 312
15 831
15 332
15 338
15 853
15 344
15 362
15 375
15 891
15 382
15 390
15 912
15 917
15 445
15 959
15 452
15 966
15 984
15 482
15 996
15 504
16 640
16 771
16 657
16 274
16 21
16 25
16 28
16 798
16 32
16 675
16 37
16 284
16 42
16 56
16 61
16 702
16 343
16 196
16 71
16 396
16 74
16 715
16 206
16 719
16 855
16 607
16 480
16 229
16 658
16 958
16 118
16 889
16 508
17 171
17 644
17 134
17 274
17 19
17 534
17 408
17 25
17 282
17 539
17 285
17 799
17 672
17 291
17 453
17 299
17 300
17 430
17 669
17 176
17 49
17 178
17 692
17 437
17 521
17 244
17 59
17 189
17 702
17 581
17 584
17 202
17 695
17 76
17 334
17 80
17 83
17 340
17 643
17 478
17 95
17 317
17 369
17 628
17 123
17 382
18 66
18 22
18 797
18 286
18 552
18 553
18 817
18 307
18 194
18 709
18 70
18 463
18 722
18 472
18 101
18 105
18 368
18 884
19 896
19 661
19 22
19 24
19 409
19 28
19 413
19 159
19 35
19 36
19 165
19 424
19 298
19 814
19 99
19 565
19 438
19 56
19 57
19 799
19 321
19 67
19 197
19 198
19 459
19 333
19 206
19 205
19 227
19 858
19 207
19 348
19 549
19 226
19 355
19 360
19 366
19 111
19 241
19 504
19 251
19 892
19 789
20 899
20 519
20 776
20 139
20 789
20 23
20 537
20 286
20 31
20 288
20 368
20 290
20 164
20 293
20 550
20 39
20 249
20 169
20 42
20 43
20 436
20 53
20 55
20 287
20 322
20 69
20 183
20 802
20 208
20 599
20 860
20 357
20 97
20 443
20 485
20 80
20 747
20 620
20 549
20 878
20 879
20 496
20 886
20 633
20 250
20 281
20 253
20 895
21 274
21 663
21 409
21 158
21 287
21 806
21 683
21 46
21 943
21 50
21 696
21 570
21 828
21 65
21 711
21 457
21 464
21 82
21 467
21 864
21 740
21 361
21 107
21 111
21 754
21 245
21 375
21 153
21 123
21 764
21 254
22 385
22 277
22 26
22 90
22 926
22 32
22 33
22 39
22 41
22 55
22 59
22 832
22 713
22 719
22 338
22 467
22 87
22 602
22 476
22 483
22 423
22 786
22 494
22 368
23 128
23 783
23 31
23 417
23 34
23 419
23 294
23 554
23 687
23 54
23 311
23 696
23 195
23 197
23 74
23 588
23 463
23 339
23 377
23 217
23 736
23 381
23 239
23 938
23 115
23 117
23 633
23 426
23 127
24 130
24 27
24 284
24 218
24 30
24 552
24 51
24 821
24 187
24 60
24 836
24 584
24 74
24 974
24 141
24 84
24 474
24 367
24 113
24 757
24 123
24 383
25 133
25 524
25 86
25 152
25 284
25 218
25 31
25 929
25 38
25 681
25 263
25 48
25 945
25 947
25 315
25 317
25 85
25 470
25 471
25 858
25 477
25 351
25 353
25 226
25 100
25 623
25 884
25 246
25 247
25 656
26 391
26 267
26 654
26 271
26 273
26 154
26 283
26 548
26 935
26 811
26 47
26 432
26 54
26 116
26 64
26 705
26 327
26 75
26 82
26 211
26 340
26 85
26 345
26 399
26 732
26 350
26 231
26 623
26 499
26 628
26 119
27 133
27 786
27 277
27 280
27 158
27 419
27 51
27 53
27 75
27 71
27 72
27 73
27 74
27 331
27 79
27 376
27 980
27 728
27 226
27 99
27 101
27 401
27 999
27 881
27 632
28 898
28 267
28 657
28 152
28 538
28 545
28 298
28 301
28 302
28 178
28 52
28 443
28 574
28 78
28 79
28 82
28 213
28 103
28 242
29 393
29 194
29 273
29 407
29 539
29 688
29 162
29 805
29 172
29 941
29 174
29 176
29 49
29 562
29 115
29 201
29 961
29 322
29 684
29 328
29 713
29 76
29 86
29 88
29 598
29 222
29 96
29 50
29 489
29 619
29 109
29 905
29 499
29 332
29 249
29 200
29 255
30 35
30 548
30 270
30 143
30 209
30 259
30 181
30 697
30 378
30 815
30 37
31 130
31 109
31 149
31 534
31 158
31 288
31 33
31 40
31 430
31 303
31 186
31 447
31 76
31 466
31 484
31 220
31 737
31 355
31 740
31 486
31 103
31 491
31 850
31 253
31 168
31 501
31 765
32 192
32 35
32 385
32 139
32 620
32 333
32 880
32 81
32 131
32 84
32 117
32 762
32 669
33 129
33 770
33 43
33 645
33 265
33 267
33 143
33 400
33 277
33 155
33 414
33 36
33 167
33 171
33 44
33 686
33 108
33 649
33 185
33 543
33 63
33 70
33 71
33 456
33 201
33 221
33 95
33 868
33 741
33 364
33 115
33 760
33 249
33 250
33 511
33 895
34 128
34 776
34 137
34 67
34 408
34 671
34 288
34 48
34 804
34 166
34 305
34 296
34 176
34 49
34 769
34 446
34 322
34 195
34 453
34 97
34 74
34 205
34 718
34 471
34 88
34 474
34 603
34 225
34 423
34 749
34 168
34 632
34 634
34 252
35 128
35 256
35 141
35 529
35 67
35 39
35 168
35 681
35 938
35 558
35 448
35 323
35 68
35 840
35 334
35 720
35 82
35 600
35 484
35 349
35 863
35 123
35 100
35 103
35 763
36 515
36 265
36 394
36 145
36 402
36 928
36 929
36 169
36 43
36 684
36 685
36 46
36 50
36 439
36 458
36 321
36 586
36 595
36 469
36 728
36 346
36 92
36 93
36 199
36 867
36 232
36 233
36 237
36 643
36 489
36 120
36 377
36 767
37 516
37 396
37 153
37 667
37 156
37 376
37 419
37 297
37 42
37 939
37 943
37 414
37 312
37 138
37 710
37 79
37 824
37 467
37 602
37 94
37 991
37 865
37 101
37 102
37 625
37 500
37 118
37 120
37 126
38 257
38 131
38 263
38 648
38 654
38 515
38 276
38 533
38 288
38 166
38 171
38 684
38 561
38 690
38 52
38 54
38 62
38 835
38 68
38 325
38 456
38 330
38 204
38 143
38 738
38 742
38 121
38 380
39 406
39 161
39 968
39 80
39 46
39 207
39 976
39 273
39 291
39 214
39 984
39 445
39 796
39 634
39 62
39 182
40 770
40 88
40 410
40 414
40 931
40 172
40 173
40 814
40 47
40 55
40 57
40 704
40 608
40 973
40 336
40 472
40 349
40 736
40 344
40 617
40 750
40 890
40 380
41 647
41 909
41 530
41 404
41 663
41 42
41 427
41 434
41 307
41 53
41 311
41 572
41 66
41 838
41 200
41 81
41 210
41 339
41 988
41 606
41 610
41 356
41 743
41 104
41 490
41 501
41 124
42 131
42 646
42 136
42 141
42 416
42 163
42 44
42 45
42 945
42 691
42 189
42 63
42 325
42 967
42 80
42 214
42 882
42 116
42 253
42 382
43 832
43 647
43 746
43 629
43 365
43 941
43 880
43 241
43 466
43 51
43 190
43 979
43 920
43 212
43 254
44 163
44 129
44 520
44 748
44 781
44 45
44 241
44 882
44 110
44 505
44 111
44 764
44 106
44 299
44 95
45 384
45 135
45 281
45 282
45 807
45 301
45 48
45 177
45 818
45 310
45 60
45 574
45 451
45 197
45 73
45 458
45 463
45 684
45 83
45 852
45 603
45 990
45 609
45 234
45 875
45 882
45 244
45 636
46 257
46 136
46 527
46 788
46 278
46 281
46 931
46 174
46 560
46 178
46 563
46 308
46 310
46 55
46 56
46 58
46 572
46 318
46 706
46 836
46 70
46 330
46 203
46 589
46 210
46 859
46 954
46 352
46 98
46 612
46 614
46 490
46 466
46 366
46 752
46 883
46 245
46 641
47 256
47 133
47 139
47 148
47 411
47 289
47 455
47 942
47 188
47 319
47 450
47 583
47 200
47 213
47 104
47 363
47 110
47 243
47 885
47 118
47 119
47 126
47 127
48 647
48 782
48 791
48 158
48 430
48 670
48 438
48 577
48 205
48 856
48 475
48 351
48 107
48 624
48 500
48 631
48 123
49 901
49 135
49 137
49 787
49 149
49 793
49 676
49 167
49 170
49 687
49 432
49 305
49 62
49 66
49 844
49 79
49 987
49 228
49 104
49 236
49 242
49 246
49 503
49 413
49 250
50 139
50 272
50 917
50 160
50 673
50 302
50 307
50 53
50 698
50 73
50 465
50 932
50 528
50 356
50 489
50 619
50 114
51 64
51 193
51 456
51 842
51 523
51 236
51 109
51 142
51 525
51 178
51 538
51 702
51 63
52 513
52 134
52 138
52 908
52 531
52 409
52 541
52 262
52 305
52 169
52 114
52 944
52 433
52 179
52 54
52 440
52 59
52 700
52 574
52 191
52 206
52 593
52 724
52 249
52 728
52 473
52 860
52 485
52 104
52 367
52 616
52 498
52 937
52 121
52 703
53 134
53 144
53 90
53 517
53 295
53 808
53 559
53 180
53 842
53 75
53 468
53 854
53 218
53 237
53 498
53 244
53 809
54 225
54 261
54 583
54 72
54 73
54 396
54 189
54 113
54 686
54 372
54 187
54 101
54 972
54 446
54 69
55 112
55 68
55 839
55 266
55 77
55 335
55 240
55 384
55 117
55 664
55 388
55 639
56 491
56 270
56 665
56 537
56 412
56 158
56 159
56 166
56 936
56 284
56 685
56 309
56 566
56 188
56 62
56 68
56 460
56 100
56 351
56 866
56 484
56 619
57 864
57 109
57 242
57 243
57 660
57 350
57 278
57 313
57 298
57 542
58 97
58 164
58 581
58 828
58 561
58 850
58 148
58 821
58 694
58 950
58 824
58 276
58 790
58 924
58 638
58 182
59 256
59 258
59 132
59 149
59 151
59 927
59 685
59 435
59 440
59 67
59 837
59 582
59 969
59 333
59 593
59 989
59 94
59 735
59 481
59 231
59 360
59 615
59 503
59 894
60 896
60 386
60 387
60 385
60 266
60 652
60 533
60 279
60 132
60 155
60 668
60 415
60 802
60 549
60 284
60 181
60 64
60 580
60 77
60 120
60 725
60 730
60 732
60 933
60 871
60 196
60 492
60 879
60 376
60 889
61 133
61 524
61 397
61 403
61 917
61 281
61 154
61 157
61 410
61 671
61 160
61 99
61 298
61 555
61 431
61 944
61 904
61 179
61 321
61 836
61 72
61 203
61 851
61 656
61 994
61 227
61 744
61 105
61 659
61 884
61 637
62 288
62 102
62 872
62 362
62 331
62 620
62 229
62 177
62 467
62 923
62 92
62 186
62 990
62 287
63 505
63 356
63 929
63 425
63 745
63 430
63 285
63 464
63 786
63 791
63 793
63 890
63 644
63 925
63 211
64 130
64 132
64 393
64 908
64 273
64 788
64 89
64 792
64 414
64 290
64 547
64 937
64 316
64 577
64 631
64 717
64 338
64 345
64 730
64 606
64 352
64 483
64 102
64 360
64 747
64 96
64 372
64 233
64 396
64 383
64 127
65 401
65 729
65 316
66 129
66 389
66 385
66 404
66 151
66 941
66 182
66 459
66 847
66 336
66 86
66 607
66 230
66 875
66 375
66 120
66 251
66 124
67 69
67 327
67 458
67 674
67 81
67 887
67 819
67 570
67 190
67 965
68 160
68 198
68 156
68 779
68 621
68 366
68 717
68 146
68 139
68 203
68 632
68 855
68 732
68 670
69 386
69 390
69 779
69 785
69 658
69 289
69 940
69 561
69 307
69 698
69 319
69 325
69 929
69 716
69 83
69 597
69 598
69 983
69 91
69 222
69 95
69 614
69 362
69 619
69 748
70 98
70 812
70 200
70 779
70 108
70 386
70 194
70 813
70 264
70 691
70 374
70 407
70 801
70 850
70 872
71 133
71 272
71 921
71 795
71 804
71 422
71 816
71 184
71 576
71 705
71 328
71 596
71 344
71 93
71 355
71 486
71 874
71 375
71 636
72 968
72 202
72 526
72 150
72 633
72 166
72 869
73 994
73 261
73 302
73 464
73 500
73 822
73 585
73 706
73 122
73 540
74 235
74 157
74 532
74 185
74 794
74 829
75 353
75 635
75 260
75 521
75 234
75 204
75 205
75 142
75 93
75 188
75 761
75 612
75 475
75 828
75 736
75 686
76 229
76 198
76 393
76 591
76 830
77 100
77 421
77 81
77 177
77 686
77 516
78 769
78 652
78 400
78 663
78 680
78 433
78 317
78 897
78 194
78 328
78 457
78 463
78 977
78 84
78 87
78 601
78 975
78 872
78 255
79 195
79 136
79 431
79 530
79 179
79 790
79 137
79 794
79 347
80 897
80 137
80 527
80 145
80 147
80 803
80 370
80 823
80 187
80 316
80 196
80 716
80 87
80 616
80 107
80 626
80 120
80 509
81 130
81 399
81 402
81 409
81 415
81 931
81 292
81 805
81 304
81 433
81 823
81 319
81 465
81 214
81 473
81 475
81 93
81 363
81 244
81 377
81 510
82 384
82 153
82 667
82 442
82 827
82 444
82 191
82 578
82 323
82 714
82 587
82 590
82 464
82 731
82 476
82 443
82 100
82 613
82 502
82 125
83 864
83 165
83 650
83 207
83 528
83 180
83 475
83 639
84 388
84 229
84 712
84 270
84 536
84 597
85 577
85 227
85 228
85 296
85 113
85 140
85 643
85 313
85 346
86 448
86 225
86 675
86 993
86 655
86 145
86 242
86 595
86 564
86 407
86 542
86 261
87 482
87 711
87 103
87 879
87 275
88 812
88 162
88 590
88 983
88 378
88 527
88 90
89 144
89 839
89 747
89 816
89 275
89 184
89 819
89 379
89 156
89 403
89 605
89 965
90 128
90 657
90 151
90 159
90 295
90 173
90 431
90 560
90 180
90 438
90 450
90 209
90 92
90 221
90 351
90 227
90 627
91 520
91 812
91 301
91 792
91 397
91 655
92 161
92 225
92 462
92 765
92 401
92 227
92 94
92 186
92 271
92 764
92 893
93 591
93 530
94 514
94 486
94 137
94 618
94 693
94 247
94 731
94 714
94 350
94 780
95 481
95 274
95 150
95 376
95 955
96 546
96 99
96 588
96 172
96 142
96 699
96 693
97 323
97 103
97 203
97 493
97 623
97 342
97 217
97 703
98 910
98 943
98 680
98 173
98 687
98 381
98 957
98 576
98 207
98 211
98 218
98 335
98 481
98 105
98 238
98 445
98 251
98 253
99 774
99 135
99 143
99 280
99 156
99 159
99 417
99 937
99 559
99 204
99 590
99 976
99 341
99 236
99 493
99 240
99 762
100 164
100 874
100 237
100 338
100 793
100 543
100 476
100 382
100 725
101 547
101 231
101 421
101 554
101 779
101 643
101 756
101 185
101 667
101 677
102 129
102 209
102 175
102 112
102 849
102 629
102 502
102 987
102 831
103 258
103 261
103 700
103 106
103 111
103 271
103 594
103 627
103 758
103 666
103 347
103 124
103 506
103 287
104 642
104 308
104 934
104 327
104 138
104 110
104 724
104 598
104 999
104 730
104 699
104 842
105 416
105 610
105 266
105 430
105 559
105 212
105 149
105 508
106 259
106 232
106 202
106 588
106 679
106 942
106 680
106 215
106 607
106 636
106 778
106 837
107 197
107 424
107 972
107 754
107 247
107 853
108 706
108 169
108 234
108 651
108 461
108 400
108 502
108 122
109 147
109 309
109 890
110 425
110 558
110 112
110 520
110 503
111 932
111 453
111 840
111 397
111 595
111 157
111 752
111 306
111 535
111 344
111 763
111 989
111 405
112 678
112 906
112 269
112 816
112 785
112 243
112 334
112 793
112 219
112 701
112 190
113 293
113 902
113 244
113 345
113 828
113 394
114 149
114 252
115 320
115 331
115 326
115 166
115 135
115 267
115 257
115 808
115 384
115 442
115 319
115 124
115 231
116 161
116 421
116 364
116 781
116 206
116 175
116 184
116 440
117 163
117 341
117 876
117 526
117 368
117 351
117 510
117 597
117 299
117 894
117 699
117 796
117 958
117 309
118 256
118 323
118 840
118 630
118 984
118 156
118 606
119 531
119 148
120 936
120 460
120 927
121 224
121 546
121 580
121 426
121 278
121 723
121 146
121 915
121 918
121 536
121 412
121 383
122 354
122 423
122 491
122 177
122 947
122 220
122 537
122 892
122 125
122 223
123 386
123 870
123 971
123 418
123 188
124 192
124 486
124 237
124 418
124 272
124 369
124 435
124 268
124 344
124 314
124 219
124 924
124 733
124 254
125 834
125 264
125 201
125 624
125 756
125 437
125 153
126 611
126 132
126 147
126 411
127 513
127 233
127 944
127 883
127 630
127 348
127 573
128 644
128 263
128 653
128 800
128 552
128 775
128 822
128 701
128 320
128 454
128 968
128 844
128 419
128 215
128 226
128 995
128 485
128 617
128 240
128 381
129 214
129 171
129 678
129 453
129 263
129 460
129 418
129 753
129 374
129 602
129 220
129 741
130 238
130 304
130 595
130 759
130 863
131 162
131 846
131 211
131 170
132 914
132 373
133 422
133 748
133 620
133 370
133 468
133 956
134 354
134 579
134 807
134 170
134 397
134 398
134 589
134 466
135 230
135 329
135 253
135 858
135 381
135 766
136 929
136 497
136 168
136 625
136 553
136 889
136 858
137 520
137 648
137 540
137 474
137 415
137 420
137 682
137 434
137 951
137 952
137 190
137 199
137 599
137 346
137 482
137 363
137 751
137 250
137 252
138 641
138 291
138 294
138 391
138 664
138 217
138 538
138 187
138 602
138 990
139 140
139 429
139 334
139 275
139 722
140 289
140 418
140 583
140 395
140 269
140 977
140 563
140 635
140 924
140 638
140 191
141 322
141 484
141 709
141 328
141 339
141 965
142 384
142 303
142 627
142 343
142 154
142 795
142 861
142 887
143 641
143 630
143 335
143 790
143 826
144 199
144 522
144 524
144 148
144 608
144 792
144 285
144 958
144 734
145 257
145 291
145 167
145 522
145 557
145 175
145 312
145 147
145 308
145 245
145 822
145 984
145 532
145 303
145 348
145 221
146 352
146 162
146 358
146 561
146 297
146 322
146 846
146 625
146 371
146 343
146 345
146 495
146 318
146 671
147 673
147 898
147 230
147 333
147 212
147 602
147 379
148 195
148 230
148 971
148 174
148 157
148 219
148 282
148 987
149 899
149 550
149 492
149 178
149 873
150 219
150 164
150 306
150 859
150 411
150 191
151 551
151 359
151 462
151 687
151 176
151 177
151 949
151 401
152 579
152 449
152 218
153 618
153 429
153 365
153 506
153 959
154 739
154 180
154 629
154 991
155 230
155 744
155 394
155 332
155 326
155 636
155 469
156 899
156 752
156 246
156 887
157 290
157 838
157 363
157 556
157 498
157 535
157 633
157 186
157 734
158 992
158 200
158 681
158 916
158 280
158 665
159 265
159 215
160 199
160 457
160 906
160 264
160 180
160 282
160 315
160 849
160 511
161 995
161 487
161 718
161 435
161 604
162 182
163 290
163 867
163 198
163 429
163 642
163 183
163 248
164 960
164 283
164 650
164 656
164 787
164 783
165 736
165 354
165 355
165 292
165 802
165 683
165 428
165 674
165 911
165 304
165 870
165 183
165 441
165 179
165 527
166 394
166 866
166 246
166 797
166 734
166 991
167 228
167 832
167 174
167 688
167 914
167 185
167 283
167 252
167 541
168 449
168 365
168 323
168 373
168 184
168 569
168 415
168 189
168 574
168 949
169 432
169 578
169 483
169 586
169 752
169 851
169 470
169 824
169 317
170 488
170 380
170 332
170 496
170 753
170 988
170 191
171 196
171 358
171 529
171 422
171 799
172 357
172 436
173 295
173 175
173 712
173 373
173 383
174 811
174 354
174 625
174 507
175 541
175 387
175 997
175 391
175 908
175 859
175 428
175 655
175 209
175 980
175 760
175 827
175 956
175 637
175 315
176 835
176 269
176 272
176 880
176 305
176 659
176 252
176 866
177 246
177 262
177 968
177 434
177 534
177 919
177 845
178 512
178 353
178 875
178 339
178 249
178 607
179 771
179 966
179 780
179 461
179 270
179 850
179 310
179 510
180 611
180 268
180 304
180 662
181 640
181 343
181 277
181 928
181 802
181 193
181 451
181 836
181 582
181 459
181 211
181 215
181 223
181 241
181 885
181 635
181 509
182 440
183 712
183 410
183 860
184 353
184 487
184 717
184 494
184 337
184 570
184 860
184 478
184 735
185 324
185 198
185 359
185 425
185 327
185 269
185 883
185 212
185 487
185 247
185 903
185 575
185 348
185 863
186 387
186 261
186 297
186 758
186 413
187 448
187 196
187 813
187 654
187 947
187 470
187 490
188 293
188 646
188 458
188 814
188 369
188 692
188 591
188 554
188 222
188 613
189 393
189 279
189 876
189 565
189 905
190 900
190 844
190 239
190 529
190 259
190 707
190 279
190 911
190 979
191 897
191 315
191 557
191 532
191 379
191 572
191 797
192 648
192 267
192 564
192 348
193 744
193 238
193 232
193 918
193 441
193 633
193 891
194 350
195 197
195 265
195 970
195 876
195 370
195 409
195 271
195 318
195 959
196 388
196 724
196 447
197 514
197 357
197 745
197 780
197 205
197 759
197 285
197 787
197 473
197 691
197 662
197 471
197 697
197 762
197 410
198 981
198 541
198 831
199 450
199 936
199 587
199 366
199 952
199 795
200 579
200 522
200 369
200 210
200 335
201 259
201 970
201 515
201 500
201 902
201 966
201 982
201 511
202 576
202 673
202 258
202 259
202 964
202 295
202 235
202 940
202 359
202 611
202 313
202 923
202 817
203 235
203 741
203 907
203 511
204 263
204 231
204 423
204 402
204 235
204 472
205 963
205 328
205 654
205 719
206 677
206 432
206 574
207 352
207 416
207 355
207 964
207 679
207 556
207 402
207 406
207 311
207 543
208 960
208 688
208 401
208 820
208 220
209 256
209 310
209 320
209 342
209 825
209 953
209 957
209 605
210 512
210 897
210 546
210 676
210 342
210 742
210 939
210 461
210 488
210 979
210 372
210 598
210 890
210 603
211 934
211 326
211 362
211 335
211 755
211 248
211 223
212 417
212 546
212 675
212 490
212 690
212 310
212 329
212 374
212 315
212 861
212 831
213 576
213 963
213 388
213 265
213 716
213 781
213 784
213 723
213 757
213 790
213 281
213 473
213 378
213 347
213 575
213 405
214 676
214 566
214 714
215 648
215 266
215 396
215 400
215 367
215 562
215 578
215 580
215 592
215 342
215 729
215 361
215 365
215 750
215 623
215 373
215 893
216 403
216 516
216 794
216 495
216 544
216 424
216 940
216 429
216 441
216 570
216 735
216 337
216 787
216 863
216 232
216 239
216 371
217 642
217 805
217 710
217 775
217 628
217 673
217 923
218 716
218 268
218 751
219 768
219 262
219 395
219 782
219 278
219 279
219 798
219 306
219 445
219 704
219 983
219 607
219 486
219 878
219 497
219 627
219 248
220 808
220 435
220 661
220 696
221 933
221 428
221 818
222 657
222 441
223 517
223 333
224 935
224 235
225 420
225 681
225 906
225 363
225 255
226 260
226 326
226 618
226 718
226 689
227 356
227 653
227 305
227 722
227 564
227 472
227 660
227 926
228 395
228 489
228 747
228 366
228 687
228 532
229 613
229 942
230 803
230 717
230 720
230 637
231 300
231 470
232 803
232 518
232 233
232 525
233 919
234 578
234 293
234 649
234 302
234 245
234 316
234 427
235 480
235 967
235 488
235 600
235 817
235 405
235 278
235 728
235 701
235 885
236 522
236 683
236 946
236 440
236 507
237 294
237 720
237 785
237 919
237 868
237 959
238 352
238 726
238 410
239 516
239 539
239 637
240 258
240 708
240 454
240 871
241 452
241 455
241 975
241 372
241 282
241 733
242 672
242 660
243 507
243 584
243 652
243 921
243 922
244 715
244 774
244 550
244 264
244 843
244 272
244 404
244 280
244 836
244 415
245 586
245 999
245 489
245 583
245 472
245 314
245 507
245 778
246 320
246 453
247 964
247 316
247 587
247 717
247 979
247 660
247 949
247 371
247 345
247 604
248 260
248 936
248 329
248 533
248 324
248 373
248 982
248 473
248 548
248 799
249 931
249 581
249 308
249 986
249 444
249 991
250 416
250 851
251 641
252 406
252 360
252 455
252 684
252 337
252 627
252 758
252 634
252 636
252 556
253 521
253 460
253 431
253 276
253 379
256 694
256 555
256 829
256 286
258 289
258 675
258 395
258 332
258 909
258 370
258 995
258 545
258 600
258 746
261 580
261 943
261 465
261 700
262 292
262 457
262 375
262 914
262 531
262 855
262 378
262 412
262 477
263 454
263 273
264 426
264 496
264 921
265 645
265 321
265 829
266 362
266 533
267 739
267 869
267 359
267 585
267 941
267 280
267 536
267 318
268 517
269 800
269 452
269 432
269 960
269 667
270 646
270 777
271 292
271 782
271 337
271 978
271 753
271 476
272 341
272 286
273 841
273 845
273 814
273 287
273 468
273 821
273 703
273 309
274 937
275 321
275 330
275 433
275 983
276 946
276 505
276 383
277 744
277 823
277 798
278 616
278 815
278 725
278 885
279 283
279 775
279 909
279 822
279 506
279 797
280 418
280 903
280 841
280 460
280 659
280 727
281 865
281 422
281 392
281 303
281 733
281 895
282 609
282 710
282 682
282 523
282 301
282 439
282 377
282 311
283 427
283 679
283 688
283 374
283 996
283 859
283 507
283 443
283 831
284 357
284 399
286 843
286 604
287 993
287 584
287 455
287 783
287 697
287 765
288 805
288 502
289 324
289 358
289 297
289 439
289 663
290 327
291 737
291 680
292 834
292 552
292 810
292 392
292 478
292 606
293 791
293 763
294 512
295 877
295 689
295 628
295 695
295 911
295 570
296 451
296 560
296 984
296 795
296 693
297 387
297 406
297 389
298 708
298 794
299 324
299 330
299 785
300 590
300 431
300 635
301 608
301 314
301 575
302 485
302 677
303 519
303 331
303 658
303 563
303 596
303 888
304 961
304 711
304 367
304 787
304 599
304 766
305 551
305 427
305 492
305 982
306 359
306 556
306 630
306 567
307 612
307 710
307 749
307 312
307 412
308 809
308 594
308 563
308 851
308 701
308 382
309 679
309 842
309 313
310 674
310 528
310 635
310 479
311 331
311 338
311 499
311 414
311 406
311 638
312 400
312 361
312 592
312 985
313 675
313 454
313 326
313 367
313 468
313 405
313 567
313 719
313 509
313 741
314 529
314 506
316 429
317 807
317 341
317 761
317 412
317 861
317 540
318 407
318 946
318 350
318 535
318 798
319 419
319 906
319 465
319 343
319 346
319 495
319 413
320 916
320 376
320 508
322 753
322 501
322 695
323 631
323 793
324 524
324 447
325 736
326 369
327 827
327 923
327 733
327 830
328 523
328 573
329 481
329 621
329 403
329 447
329 479
330 833
330 459
330 433
330 347
330 477
330 979
331 950
332 835
332 358
332 583
332 553
332 526
332 498
332 698
333 389
333 490
333 403
333 622
333 755
334 389
334 539
334 639
335 986
336 357
336 953
337 448
337 896
337 933
337 617
337 653
337 597
337 847
338 770
338 426
338 821
338 408
339 867
339 804
339 436
340 631
340 796
341 545
341 609
341 648
341 756
342 603
342 422
342 364
342 847
342 854
342 356
342 879
343 577
343 565
343 510
344 707
344 698
344 542
345 642
345 612
345 813
345 758
345 697
345 571
345 634
346 834
346 997
348 992
348 451
348 666
348 915
349 833
349 770
349 876
350 514
350 816
350 371
351 610
351 361
351 504
351 532
351 568
352 643
353 673
353 930
353 646
353 905
353 402
353 830
353 569
353 669
353 990
355 672
355 898
355 810
355 526
355 443
355 540
356 721
357 480
357 738
357 904
357 732
358 614
358 873
358 370
358 662
358 920
358 413
359 707
359 742
359 368
359 702
360 994
360 740
360 837
360 649
360 725
360 662
360 471
360 932
360 508
360 861
361 848
361 762
362 934
362 818
362 949
362 950
362 730
363 677
363 718
363 560
363 592
365 623
365 977
365 839
365 505
365 537
366 626
366 826
367 391
367 968
367 733
367 372
367 543
368 435
369 642
369 484
369 421
369 764
369 534
369 921
369 763
371 640
371 624
371 446
372 960
372 450
372 420
372 809
372 724
372 887
372 926
373 928
373 593
376 686
376 571
377 386
377 451
377 806
377 391
377 522
377 683
377 973
377 743
377 482
377 531
377 825
377 926
378 547
378 519
379 551
379 466
379 380
380 559
381 683
383 544
383 397
383 571
384 672
384 896
384 546
384 452
384 751
384 565
385 773
385 588
386 425
386 442
386 731
386 445
386 767
387 558
388 497
388 498
388 407
388 855
390 609
390 931
390 713
390 871
390 973
390 974
390 404
390 462
390 790
390 663
390 420
390 405
391 967
391 747
391 503
392 993
392 437
392 504
392 668
392 895
393 580
393 549
393 551
393 589
393 632
393 986
394 703
395 449
395 398
395 772
396 544
396 989
397 913
398 682
398 566
399 566
399 742
399 560
399 661
399 886
400 901
400 487
400 535
400 955
400 927
401 618
401 459
402 989
402 605
403 622
403 849
403 436
403 629
404 526
404 830
404 479
405 930
405 870
405 557
405 913
407 837
407 809
407 624
407 917
407 444
408 523
408 904
408 588
408 674
409 692
409 826
410 939
410 474
410 893
411 759
412 423
412 618
413 613
413 969
413 558
413 764
413 863
414 867
414 424
415 835
415 714
415 493
415 568
415 957
416 801
416 496
416 632
417 625
418 811
418 907
418 559
418 505
419 611
419 470
420 778
420 943
420 664
420 444
420 957
421 777
421 951
421 664
423 854
424 644
424 757
425 705
425 805
425 524
425 434
425 596
425 761
425 573
426 908
426 844
426 495
426 723
426 573
427 482
427 939
427 652
427 464
427 791
427 988
429 614
429 555
429 656
429 659
429 501
429 697
429 699
430 760
432 645
432 720
432 502
434 914
435 815
435 599
435 665
435 475
435 444
435 624
436 960
436 865
436 995
436 849
436 884
436 869
437 517
437 883
438 452
438 647
438 721
439 552
439 461
439 622
439 528
439 729
439 476
439 477
440 617
442 811
442 888
443 951
444 525
444 750
444 789
444 543
445 449
446 963
446 900
446 678
446 594
446 894
447 833
447 850
447 508
447 637
450 480
450 456
450 529
452 903
452 711
452 462
452 945
453 676
453 856
453 767
454 576
454 609
454 862
456 487
456 907
456 494
456 533
456 887
456 601
457 810
457 689
458 581
458 751
458 690
458 603
459 784
459 689
459 691
459 598
459 503
459 540
460 771
460 773
460 572
460 561
460 803
460 924
461 843
461 740
461 814
462 608
462 651
462 727
463 902
463 680
463 749
464 520
464 763
465 474
465 610
465 477
465 506
465 634
465 666
466 547
466 778
466 877
467 727
468 693
468 886
469 499
470 812
470 766
471 722
471 980
471 669
472 806
472 518
472 713
472 653
472 616
472 483
472 537
472 542
473 596
473 567
473 628
473 677
474 951
474 670
475 512
475 582
475 946
475 922
476 516
476 678
476 873
476 665
476 638
477 591
477 562
478 962
478 550
478 871
478 617
478 538
479 513
479 852
481 582
482 800
483 518
483 639
485 806
485 759
485 541
486 867
486 776
487 874
488 515
488 622
488 910
489 494
489 950
489 571
490 818
490 821
490 494
490 668
490 511
491 709
491 870
491 493
491 568
492 963
492 548
492 788
493 608
493 865
493 936
493 938
494 726
494 563
495 954
496 994
496 777
496 810
496 671
497 874
497 854
497 996
498 768
498 928
498 743
498 969
498 586
498 734
498 575
500 665
500 596
500 825
502 544
502 840
502 917
502 791
503 569
505 613
505 971
505 591
505 572
506 932
507 881
508 641
508 952
509 899
509 775
509 721
510 837
511 528
511 949
512 769
512 774
512 521
513 902
514 678
514 523
514 985
515 554
515 973
515 942
515 841
517 907
517 788
517 536
519 768
519 776
520 768
520 864
521 745
522 729
523 649
523 530
523 862
525 741
525 878
525 661
525 567
525 853
526 933
526 615
526 556
530 615
531 545
532 999
532 892
532 605
533 771
533 547
533 714
533 575
534 553
535 962
535 681
535 621
535 568
537 612
537 649
537 715
540 564
541 832
542 679
542 842
542 715
544 569
545 615
546 619
546 724
546 822
546 640
547 966
548 742
549 918
550 662
551 912
552 622
552 664
552 668
552 894
553 935
553 759
553 925
554 778
554 691
554 982
554 826
555 601
555 827
559 621
559 947
560 839
560 749
560 818
561 830
562 811
562 788
563 772
563 755
563 920
565 998
565 907
565 658
566 866
566 913
567 925
568 928
568 995
568 743
568 972
568 655
568 784
568 895
569 782
570 738
570 676
570 998
570 585
570 813
570 905
570 930
571 760
572 709
572 974
572 876
572 880
572 766
574 988
574 606
577 856
578 716
579 915
581 693
582 658
583 935
583 970
583 927
586 864
586 902
588 722
588 891
588 970
589 768
590 932
590 781
591 914
592 594
593 712
593 826
594 726
594 986
595 933
595 903
595 915
597 952
598 651
598 781
599 800
599 657
599 666
600 604
601 834
601 739
601 845
601 851
603 955
604 719
604 659
605 782
606 992
606 720
608 978
611 896
612 804
612 653
613 654
614 940
614 820
615 921
616 640
617 953
620 706
620 966
620 801
623 868
623 769
623 808
623 852
624 938
624 690
624 703
626 853
627 810
628 669
628 670
629 901
630 807
630 721
631 751
632 710
633 740
633 646
635 709
635 711
635 655
635 948
635 639
637 737
637 685
638 707
638 765
639 965
639 755
640 857
641 729
642 997
642 977
642 852
643 737
643 916
643 765
644 650
644 692
644 730
645 750
645 721
645 985
645 881
646 651
646 780
649 945
650 752
650 886
651 776
653 806
653 715
654 972
655 880
656 718
657 772
663 961
663 911
663 948
664 695
665 694
666 723
666 948
666 987
667 872
667 746
667 997
668 700
668 754
668 820
669 704
669 900
669 827
669 893
670 962
670 937
670 875
670 915
672 696
675 923
676 845
676 756
676 795
677 938
677 981
679 704
681 809
681 750
683 708
683 934
683 779
684 746
684 991
685 882
686 712
687 981
690 744
690 974
691 898
694 704
694 872
694 857
694 796
695 817
695 948
695 888
695 794
695 829
696 835
696 841
697 785
698 892
699 987
700 970
701 819
701 919
702 823
703 969
706 772
706 947
706 873
708 962
711 735
712 847
712 819
716 882
716 786
717 969
717 860
718 800
719 771
721 976
722 732
723 852
724 959
726 889
726 734
729 754
733 940
733 926
735 847
736 996
739 908
739 853
741 910
743 924
747 884
747 956
747 996
749 772
749 954
749 891
750 881
751 812
752 922
755 854
758 865
758 900
758 856
759 828
762 900
762 807
762 843
762 848
764 930
764 766
764 789
765 798
767 904
767 784
767 990
768 780
769 994
769 868
770 962
772 823
774 954
776 824
778 909
778 786
781 839
781 817
782 804
782 878
782 925
783 954
784 983
786 857
786 958
787 845
789 905
792 833
794 985
794 891
797 981
798 815
800 838
802 877
803 992
806 846
806 950
807 841
807 877
810 848
812 977
815 971
815 944
822 848
823 978
823 982
824 870
824 986
826 922
828 963
828 838
829 975
830 985
835 856
836 925
837 857
845 888
846 958
847 997
857 981
858 901
861 913
862 975
869 998
874 885
876 955
880 972
882 912
886 912
889 903
889 920
890 961
897 916
897 927
925 971
927 930
932 999
932 956
935 978
950 980
