0 421
0 779
0 591
0 382
0 766
0 607
1 391
1 55
1 877
1 943
1 912
1 657
1 887
1 987
1 29
1 991
2 7
2 587
2 717
2 686
2 594
2 22
2 63
3 743
3 360
3 620
3 877
3 46
3 883
3 248
3 638
4 764
4 362
4 396
4 366
5 868
5 872
5 686
5 818
5 883
5 757
5 985
6 575
6 343
7 864
7 400
7 773
7 201
7 780
7 546
7 943
7 144
7 305
7 866
7 126
7 825
7 891
7 861
7 158
8 197
8 47
8 690
8 499
8 789
8 854
8 91
8 29
8 853
9 642
9 195
9 295
9 938
9 975
9 212
9 989
10 321
10 515
10 678
10 801
10 618
10 784
10 347
10 958
11 522
11 213
12 921
12 962
12 28
12 326
13 192
13 924
13 52
14 243
14 393
14 458
14 45
14 77
14 371
14 918
14 27
15 849
15 850
15 739
15 446
15 343
16 806
16 387
16 613
16 390
16 621
16 817
16 50
16 243
16 502
17 898
17 771
17 708
17 490
17 811
17 813
17 336
17 913
17 227
17 984
17 27
18 640
18 770
18 653
18 660
18 222
18 191
19 920
19 65
19 44
20 338
20 308
20 918
21 513
21 514
21 829
21 551
21 649
21 812
21 783
21 178
21 309
21 217
21 157
21 670
21 821
22 96
22 705
22 708
22 198
22 439
22 977
22 471
22 504
22 697
22 474
22 925
23 289
23 962
23 132
23 102
23 809
23 882
23 690
23 889
23 349
23 862
24 195
24 293
24 172
24 878
24 532
24 348
24 702
24 645
25 956
25 753
25 724
25 693
25 886
25 856
25 123
25 700
25 573
26 744
26 380
26 973
26 942
26 564
26 668
27 617
27 176
27 280
27 377
27 186
27 412
27 346
28 392
28 841
28 523
28 118
28 639
29 846
29 712
29 50
29 404
29 212
29 442
29 794
30 481
30 773
30 279
30 205
30 343
30 504
30 571
30 220
31 777
31 154
31 948
31 178
31 237
32 229
32 744
32 435
32 694
32 796
32 766
33 930
33 295
33 73
33 173
33 50
33 853
33 886
33 510
34 801
34 419
34 836
34 39
34 140
34 942
34 368
34 218
34 253
35 166
35 553
35 45
35 557
35 240
35 308
35 253
36 298
36 845
36 46
36 433
36 403
36 52
36 216
36 729
36 61
37 995
37 529
37 136
37 811
37 909
37 366
37 465
37 526
37 351
37 317
37 511
38 128
38 579
38 586
38 974
38 80
38 702
38 831
39 927
39 971
39 558
39 87
40 801
40 994
40 259
40 179
40 200
40 649
40 485
40 270
40 79
40 80
40 680
40 83
40 180
40 872
40 282
40 319
41 368
41 573
41 767
42 163
42 964
42 613
42 550
42 71
42 939
42 594
42 402
42 901
43 65
43 274
43 380
43 638
43 193
44 960
44 929
44 972
44 396
44 506
44 127
45 135
45 308
45 213
45 93
46 448
46 492
46 495
46 817
46 885
46 927
46 831
47 844
47 268
47 596
47 501
47 798
48 147
48 615
48 307
48 371
48 630
48 983
48 795
48 191
49 960
49 130
49 168
49 300
49 909
49 817
49 502
49 759
49 216
50 710
50 940
50 237
50 687
50 632
50 222
51 992
51 722
51 380
51 887
52 308
52 899
52 479
53 70
53 568
53 236
53 426
53 140
53 876
53 81
53 274
53 56
53 881
53 842
53 312
54 433
54 650
54 505
54 698
54 441
55 632
55 545
55 477
55 223
56 738
56 675
56 292
56 134
56 519
56 797
57 624
57 742
57 550
57 651
57 684
57 333
57 79
57 528
57 885
57 313
57 476
58 619
58 712
58 267
58 107
58 665
58 395
58 798
59 705
59 932
59 624
59 402
59 85
59 507
60 164
60 775
60 298
60 684
60 516
60 149
60 534
60 345
61 582
61 620
61 943
61 721
61 607
62 515
62 800
62 107
63 928
63 69
63 232
63 758
63 440
63 382
63 895
64 296
64 314
64 163
64 470
64 351
65 747
65 870
65 73
65 302
65 787
65 221
65 798
66 769
66 418
66 653
66 398
66 338
66 499
66 533
66 787
66 347
67 152
67 872
67 285
67 391
68 678
68 455
68 139
68 462
68 688
68 985
68 440
68 697
69 384
69 706
69 805
69 235
69 588
69 898
69 562
69 157
70 645
70 917
70 106
70 397
71 257
71 226
71 452
71 353
71 233
71 967
71 270
71 445
71 691
71 692
71 251
71 221
71 479
72 706
72 612
72 613
72 841
72 107
72 588
72 367
72 149
72 442
72 669
73 960
73 774
73 769
73 712
73 463
74 458
74 315
74 559
75 320
75 293
75 266
75 152
75 953
75 314
75 543
75 351
76 826
76 238
76 230
76 445
77 867
77 327
77 968
77 144
77 601
77 698
77 155
77 730
78 900
78 869
78 905
78 908
78 882
78 694
78 901
78 698
78 383
79 653
79 560
79 787
79 763
79 189
80 801
80 131
80 486
80 665
80 89
80 700
80 286
81 873
81 139
81 459
81 937
82 672
82 421
82 95
82 685
82 178
82 415
82 254
82 607
83 515
83 842
83 527
83 337
83 178
83 995
83 374
83 922
83 924
84 929
84 578
84 963
84 879
84 496
84 473
84 221
85 811
85 282
85 686
86 742
86 327
86 137
86 108
86 634
86 524
87 321
87 838
87 842
87 300
87 821
88 448
88 901
88 903
88 202
88 141
88 304
89 154
89 955
89 805
89 975
90 945
90 549
90 564
90 189
90 277
91 225
91 746
91 967
91 913
92 481
92 202
92 659
92 577
93 546
93 451
93 487
93 457
93 143
93 951
93 655
93 834
93 191
94 704
94 792
94 442
94 563
95 96
95 423
95 937
95 687
95 375
96 496
96 721
96 148
96 891
97 546
97 747
97 381
97 658
97 655
98 988
98 267
98 204
98 913
98 278
98 348
99 337
99 394
99 935
99 357
99 775
100 805
100 795
100 757
100 102
100 103
101 678
101 296
101 681
101 241
101 242
101 532
101 855
101 985
101 479
102 553
102 975
103 454
103 328
103 686
103 175
103 693
104 417
104 358
104 673
104 892
104 461
104 705
104 124
104 253
105 501
105 431
105 438
105 254
105 255
106 518
106 938
106 517
106 918
107 619
107 203
107 942
107 722
107 792
107 570
107 287
108 929
108 580
108 595
108 822
108 632
108 863
109 496
109 321
109 976
109 576
109 617
110 416
110 632
110 308
110 317
110 839
111 423
111 168
111 331
111 524
111 688
111 232
111 274
111 340
111 296
112 458
112 492
112 399
112 914
112 852
112 762
112 635
112 863
113 515
113 805
113 872
113 276
113 887
113 730
113 763
113 828
114 897
114 450
114 938
114 546
114 813
114 860
114 990
115 355
115 261
115 432
115 387
115 180
115 894
115 790
115 217
115 185
115 122
115 158
116 324
116 871
116 808
116 149
116 697
116 794
116 573
117 529
117 523
117 932
117 133
118 164
118 207
118 882
118 436
118 693
118 793
118 788
119 233
119 371
119 694
119 377
119 697
119 187
120 392
120 616
120 602
120 918
120 903
121 738
121 783
121 212
121 917
121 383
122 328
122 588
122 914
122 338
122 213
122 415
123 129
123 226
123 515
123 136
123 778
123 712
123 739
123 542
124 293
124 646
124 785
124 906
124 651
124 588
124 696
124 850
124 628
124 536
125 767
125 709
125 971
125 527
126 514
126 163
126 360
126 396
126 565
126 217
126 286
126 575
127 516
127 298
127 143
127 595
127 660
127 740
127 915
128 852
128 772
128 971
128 668
129 257
129 237
129 207
129 273
129 499
129 757
129 439
129 796
130 409
130 452
130 788
130 297
131 708
131 456
131 533
131 603
131 604
132 452
132 229
132 136
132 459
132 720
132 913
132 190
132 987
132 957
132 382
133 227
133 871
133 170
133 630
133 732
133 906
134 780
134 973
134 945
134 786
134 723
134 189
134 766
135 896
135 808
135 457
135 557
135 729
136 634
136 589
136 238
136 378
136 636
136 570
136 229
137 608
137 934
137 615
137 873
137 692
138 856
138 466
138 533
138 790
138 653
139 610
139 427
139 646
139 840
139 554
139 523
139 205
139 752
139 346
139 732
140 547
140 968
140 732
140 539
140 284
140 181
141 448
141 770
141 968
141 269
141 941
141 307
141 377
141 851
142 904
142 714
142 980
142 874
142 950
143 384
143 706
143 995
143 242
143 535
143 255
144 200
144 427
144 334
144 856
144 411
145 419
145 676
145 517
145 754
145 687
145 594
145 883
145 252
146 631
146 434
146 307
146 690
146 263
147 992
147 737
147 712
147 689
147 626
147 148
147 413
147 510
148 754
149 417
149 546
149 973
149 782
149 368
149 881
149 154
149 602
150 421
150 233
150 811
150 529
150 824
150 475
151 617
151 401
151 627
151 341
151 919
151 312
151 413
151 511
152 163
152 680
152 457
152 332
152 238
152 432
152 179
152 691
152 598
152 869
153 736
153 387
153 175
153 626
153 627
153 952
154 776
154 617
154 842
154 596
154 265
154 895
155 685
155 327
155 551
155 491
155 942
155 463
156 912
156 515
156 940
156 446
157 162
157 870
157 780
157 621
157 941
157 306
157 436
157 885
157 219
157 764
157 447
158 376
158 349
159 265
159 210
159 355
159 490
159 698
160 554
160 974
160 622
160 311
160 602
160 316
160 990
161 260
161 842
161 468
161 981
161 186
161 539
162 730
162 859
162 924
163 577
163 386
163 550
163 393
163 994
163 594
163 283
163 253
164 386
164 391
164 878
164 278
164 858
164 389
165 608
165 896
165 683
165 587
165 659
165 725
166 417
166 399
166 504
166 535
166 280
166 223
167 392
167 906
167 630
167 633
167 250
167 188
167 570
167 735
168 256
168 708
168 593
168 840
168 786
169 392
169 193
169 466
169 626
169 872
170 660
170 637
170 937
170 229
171 712
172 209
172 653
172 457
173 386
173 836
173 550
173 225
173 586
173 948
173 213
173 510
173 221
173 350
174 865
174 874
174 365
174 430
174 432
174 696
174 345
174 284
174 862
174 959
175 433
175 414
176 810
176 362
176 630
176 430
177 753
177 524
177 917
177 662
177 311
178 582
178 422
178 598
178 433
178 563
178 965
178 539
178 915
179 733
179 649
179 225
180 355
180 772
180 238
180 399
181 720
181 195
181 894
181 272
181 244
181 597
181 182
181 442
181 602
181 862
182 585
182 939
182 529
182 211
182 663
182 787
182 222
183 504
183 569
183 951
183 222
183 679
184 312
184 206
184 687
185 454
185 584
185 716
185 568
185 412
186 707
186 710
186 681
186 779
186 272
186 789
186 983
186 732
187 937
187 794
187 341
188 827
188 215
188 652
189 864
189 449
189 834
189 591
189 400
189 850
190 515
190 907
190 462
190 659
190 919
190 315
190 602
190 379
190 443
191 738
191 869
191 488
191 940
191 812
191 397
191 686
191 984
191 436
191 408
191 476
192 315
192 747
193 449
193 418
193 580
193 421
193 486
193 518
193 902
193 474
193 869
194 385
194 850
194 196
194 503
195 674
195 643
195 932
195 722
195 925
196 931
196 356
196 233
196 203
196 610
196 915
196 564
196 821
196 740
196 930
196 917
197 402
197 563
197 980
198 497
198 251
198 901
198 737
199 992
199 996
199 966
199 689
199 277
199 228
200 587
200 878
200 750
200 734
201 364
201 846
201 891
201 413
201 798
202 837
202 329
202 683
202 429
202 724
203 773
203 586
203 239
203 221
204 385
204 682
204 972
204 370
204 632
204 924
205 229
205 679
205 656
205 342
205 315
205 511
206 708
206 935
206 335
206 432
206 791
206 602
206 447
207 544
207 897
207 563
207 531
207 468
207 249
207 346
207 763
207 828
207 979
208 673
208 962
208 294
208 914
208 886
208 279
208 316
209 385
209 356
209 469
209 247
209 249
209 923
210 247
210 310
211 912
211 843
211 464
211 305
211 796
212 672
212 857
212 559
212 563
212 599
212 699
212 542
212 863
213 807
213 810
213 531
213 275
213 279
213 572
213 317
214 769
214 229
214 848
214 369
214 531
214 858
215 995
215 740
215 489
215 747
215 713
216 238
216 297
217 864
217 513
217 898
217 615
217 682
217 333
218 424
218 387
218 735
219 427
219 876
219 493
219 754
219 956
220 873
220 683
220 316
220 295
221 224
221 327
221 933
221 465
221 946
221 351
222 709
222 390
222 459
222 243
222 509
223 613
223 296
223 786
223 308
224 931
224 452
224 773
224 807
224 781
224 274
224 953
224 474
224 798
225 741
225 895
225 229
225 650
225 971
225 492
225 525
225 880
225 952
225 820
225 248
225 613
226 456
226 294
227 787
228 562
228 492
228 565
229 903
229 685
229 552
229 434
229 379
229 734
230 729
230 851
230 862
231 964
231 775
231 328
231 905
231 426
231 431
231 369
231 666
232 259
232 919
232 814
232 563
232 739
232 821
232 662
232 375
232 861
232 958
232 383
233 913
233 652
233 843
233 268
233 563
233 273
233 275
233 284
234 408
234 457
234 459
234 693
234 807
235 737
235 994
235 296
235 361
235 558
235 689
235 788
235 471
236 352
236 704
236 453
236 714
236 495
236 916
237 614
237 748
237 908
237 652
237 495
237 528
237 822
238 416
238 515
239 289
239 466
239 419
239 559
240 612
240 773
240 808
240 728
240 634
241 801
241 315
241 708
241 493
241 568
241 697
241 699
242 576
242 994
242 845
242 558
242 498
242 627
242 958
242 383
243 674
244 626
244 923
244 650
245 522
245 916
245 294
246 322
246 389
246 423
246 252
246 301
246 877
246 917
246 760
246 444
247 977
247 840
247 329
247 269
247 957
247 727
247 824
247 573
247 927
248 676
248 678
248 385
248 392
248 586
248 304
248 440
248 698
248 906
249 539
249 822
249 582
250 802
250 923
250 423
250 818
250 767
250 671
251 961
251 890
252 738
252 652
252 430
252 504
252 797
252 991
253 971
253 751
253 691
253 602
253 859
254 696
254 330
254 550
255 901
255 972
255 437
255 567
255 956
256 706
256 899
256 841
256 565
256 918
256 953
256 667
257 869
257 391
257 885
257 571
257 636
257 735
258 921
258 329
258 731
258 617
258 471
259 544
259 791
259 915
259 820
259 309
259 439
259 569
259 282
259 541
259 926
260 358
260 712
260 489
260 715
260 690
260 462
260 594
260 270
260 761
261 482
261 938
261 274
261 786
261 883
261 598
261 931
262 640
262 428
263 984
263 849
263 275
263 829
264 579
264 934
264 458
264 910
264 911
264 657
264 534
265 499
265 944
265 882
265 595
265 724
265 887
265 475
266 519
266 424
266 647
266 936
266 563
266 377
266 316
267 516
267 634
267 849
267 555
267 428
267 785
267 887
267 823
267 631
267 699
267 442
268 815
268 834
268 424
268 298
268 527
268 597
268 410
269 809
269 327
270 780
270 334
270 403
270 663
270 378
271 834
271 649
271 845
271 782
271 754
271 566
272 549
272 721
272 689
272 472
273 480
273 997
273 559
273 371
273 373
273 446
274 520
274 573
275 526
275 847
275 690
275 952
275 346
276 610
276 926
276 784
276 885
276 535
276 606
277 325
277 852
277 789
277 638
277 703
278 392
278 780
278 752
278 755
278 789
278 915
279 643
279 840
279 574
280 613
280 567
281 644
282 876
282 593
282 308
283 312
283 505
283 434
283 938
284 493
284 343
284 858
284 797
285 289
285 453
285 880
285 499
285 823
285 504
285 797
285 318
286 560
286 394
286 975
286 438
286 411
287 611
287 808
287 928
287 979
288 899
288 590
288 783
289 928
289 616
289 591
289 752
289 724
289 926
289 478
290 920
290 371
290 359
291 820
291 948
291 332
291 565
291 821
292 465
292 970
292 920
292 791
292 313
293 834
293 677
293 962
293 543
294 864
294 611
294 699
294 380
295 898
295 328
295 749
295 590
295 345
295 669
296 484
296 583
296 712
296 554
296 462
296 871
296 857
296 967
296 663
296 536
296 409
296 762
296 671
296 540
296 637
297 613
297 715
297 397
297 404
297 698
297 476
298 449
298 839
298 781
298 622
298 954
298 635
298 797
299 656
299 744
299 596
299 549
299 831
300 576
300 385
300 492
300 693
300 537
302 925
302 789
302 414
302 721
303 816
303 932
303 434
303 548
303 977
304 449
304 357
304 936
304 810
304 823
304 703
305 380
305 758
305 504
305 956
306 964
306 553
306 908
306 368
306 919
307 770
307 676
307 526
307 516
308 678
308 716
308 818
308 693
308 727
309 864
309 325
309 839
309 625
309 692
309 952
309 380
310 772
310 519
310 587
310 967
310 401
310 853
310 433
310 447
311 802
311 612
311 817
311 424
311 587
311 397
311 751
311 532
311 821
311 506
311 570
312 459
313 420
313 364
313 813
313 879
313 531
314 643
314 581
314 455
314 430
314 689
314 639
315 323
315 715
315 503
315 875
315 475
315 426
316 578
316 965
316 441
317 386
317 614
317 854
318 672
318 827
318 338
318 376
318 794
318 443
319 682
319 907
319 653
319 503
319 989
320 680
320 418
320 564
320 631
321 936
321 846
321 799
322 915
322 789
322 453
322 765
323 709
323 781
323 976
323 338
323 825
323 957
324 536
324 362
324 621
325 675
325 326
325 399
325 498
325 374
325 570
325 510
326 519
326 521
326 365
326 876
326 407
326 799
327 835
328 736
328 770
328 516
328 583
328 616
328 941
328 733
329 544
329 513
329 867
329 698
329 703
330 716
330 620
330 531
330 407
330 505
330 476
331 918
331 692
331 526
331 502
332 750
333 656
333 708
333 417
334 608
334 768
334 944
334 843
334 396
334 530
334 383
335 481
335 682
335 782
335 379
335 894
335 959
336 804
336 389
336 497
336 782
336 526
336 485
337 933
337 745
337 587
337 792
338 419
338 647
338 910
339 835
339 380
339 783
340 608
340 674
340 485
340 774
340 648
340 367
340 985
340 793
340 794
340 421
341 867
341 869
341 617
341 946
341 343
341 441
341 351
342 786
342 811
343 388
343 581
343 907
343 786
343 919
343 719
343 638
344 672
344 526
344 401
344 722
344 630
344 599
345 698
345 527
346 993
346 518
346 554
346 881
346 822
346 698
346 655
347 512
347 578
347 425
347 876
347 908
348 355
348 983
349 880
349 898
349 709
349 777
349 912
349 688
349 850
349 693
349 475
349 572
349 869
350 545
350 680
350 436
350 667
350 894
350 575
351 451
351 692
351 378
351 862
351 485
352 556
352 930
352 774
353 535
353 844
353 637
354 836
354 485
354 907
354 472
354 379
354 893
355 529
355 761
355 569
356 801
356 430
356 687
356 537
357 457
357 458
357 847
357 795
357 957
358 939
358 777
358 843
358 856
358 571
359 583
359 693
359 570
359 861
359 990
360 616
360 459
360 433
360 946
361 548
361 591
361 437
361 887
361 601
361 623
361 575
362 864
362 784
362 902
362 678
362 393
362 845
362 630
363 827
363 779
363 509
363 503
364 483
364 647
364 588
364 699
365 449
365 394
365 762
365 731
366 680
366 585
366 816
366 532
366 853
367 997
367 817
367 937
367 911
367 689
367 786
367 565
367 857
367 987
367 860
367 693
368 640
368 838
368 715
368 914
368 446
369 899
369 486
369 587
369 652
369 701
369 510
370 393
370 721
370 834
370 671
371 513
371 554
371 780
371 845
371 436
371 789
371 921
372 794
372 611
372 987
373 448
373 517
373 621
373 378
373 732
374 672
374 610
374 465
374 762
374 478
374 901
375 798
375 825
375 603
375 862
376 644
376 677
376 853
376 762
377 708
377 617
377 985
377 798
378 448
378 583
378 778
378 716
378 592
378 596
378 501
378 885
379 743
379 957
379 458
379 532
379 982
379 701
380 556
380 494
381 488
381 497
382 899
382 778
382 846
382 816
382 728
382 732
383 874
383 881
383 567
384 653
384 592
384 658
384 438
384 889
385 928
385 419
386 638
386 575
387 738
387 616
387 618
387 813
387 669
387 926
388 599
388 924
388 718
389 729
389 859
389 863
390 576
390 896
390 806
390 567
391 421
391 717
391 785
391 542
392 667
392 542
393 523
393 849
393 650
394 864
394 577
394 930
394 869
394 865
394 713
394 619
394 886
394 406
395 644
395 549
395 524
395 819
395 887
395 985
396 738
396 809
396 502
397 712
397 845
397 532
398 951
398 804
398 454
398 615
399 684
399 885
399 504
400 650
401 418
401 744
401 994
401 792
401 638
402 483
402 463
403 880
403 428
403 973
404 821
404 758
404 583
405 967
406 708
406 662
406 470
406 934
407 938
407 922
407 431
408 546
408 927
408 762
408 507
408 858
409 848
409 938
410 733
411 512
411 425
411 437
411 630
412 656
412 972
413 721
413 978
413 787
414 656
414 649
414 509
415 747
415 558
416 838
416 520
416 809
416 746
416 852
416 792
417 512
417 970
417 827
418 669
419 685
419 764
420 437
420 958
421 611
421 732
422 424
422 664
422 589
422 725
423 608
423 620
423 562
423 735
423 635
423 478
424 774
424 793
424 703
425 578
425 431
425 797
425 798
426 427
426 510
427 818
427 691
427 471
428 540
428 582
429 579
429 708
429 846
429 432
429 699
430 841
430 620
430 920
431 993
431 900
431 918
431 465
431 630
431 792
431 705
432 937
432 624
432 566
432 663
432 569
433 897
433 649
433 630
434 682
434 587
434 781
434 721
434 671
434 581
435 937
435 750
435 884
435 919
435 856
436 769
436 962
436 467
436 756
436 958
437 810
437 940
437 598
438 834
438 749
439 578
439 707
440 460
440 973
441 579
441 868
441 677
441 521
441 938
441 718
442 928
442 516
442 490
442 589
442 923
442 478
443 611
443 559
443 728
443 568
443 475
443 925
443 959
444 497
445 737
445 803
445 901
445 714
445 591
445 625
445 923
445 636
445 637
445 446
446 745
446 603
447 999
447 779
447 755
447 539
447 979
448 931
448 713
448 587
448 495
448 987
449 964
449 961
449 695
449 920
449 924
449 799
450 616
450 940
450 484
450 682
451 673
451 907
451 628
451 469
451 568
451 637
452 719
452 853
453 769
453 646
453 904
453 490
453 758
453 798
454 896
454 713
454 912
454 733
455 546
455 541
455 519
456 484
456 487
456 745
456 982
457 774
457 652
457 890
458 724
458 949
458 924
459 962
459 902
459 687
459 968
460 826
460 813
461 841
461 759
462 864
462 754
462 500
462 921
462 954
463 805
463 781
463 785
463 694
463 713
464 849
464 807
465 782
465 889
465 891
465 796
466 874
466 802
467 714
467 594
467 709
467 846
468 706
468 741
468 974
468 953
469 785
469 479
470 546
470 485
470 754
470 729
470 604
470 574
470 799
471 864
471 900
471 680
471 555
471 501
471 638
472 976
473 896
473 682
473 850
473 621
475 934
475 614
475 711
475 814
475 829
475 661
476 784
476 732
476 874
477 963
477 998
477 553
477 877
477 559
477 827
478 482
478 916
478 545
478 823
478 507
479 720
479 578
479 655
479 496
479 914
479 858
479 573
479 511
480 515
480 676
480 520
480 910
480 496
480 594
481 822
481 731
481 861
482 965
483 904
483 714
483 843
483 946
484 704
484 580
484 848
484 696
485 560
485 742
485 577
485 602
486 838
486 967
486 745
486 662
486 509
487 934
487 653
487 847
487 543
488 866
488 868
488 779
488 972
488 783
488 791
488 574
489 576
489 642
489 899
489 581
490 733
491 895
491 935
491 565
491 853
492 935
492 509
493 817
493 917
493 534
494 672
494 513
494 996
494 673
494 716
494 621
494 750
494 862
495 784
495 668
496 625
496 598
497 552
497 650
497 719
497 985
497 862
497 959
498 991
498 837
498 591
499 746
499 683
499 765
499 819
499 728
500 721
500 522
500 865
500 769
501 960
501 967
501 604
501 829
501 991
503 545
503 906
503 940
503 723
503 602
503 925
504 800
504 797
504 972
504 862
505 711
505 891
505 991
506 514
506 645
506 578
506 689
506 863
507 970
507 995
508 892
508 519
509 609
509 514
509 546
509 624
509 659
509 916
509 955
509 703
510 971
510 756
510 766
511 551
511 813
512 515
512 932
512 646
512 795
512 567
513 611
513 996
513 870
513 525
513 787
514 640
514 646
514 782
514 559
515 611
515 820
515 916
515 853
516 579
516 710
516 540
516 971
516 757
516 728
517 688
517 655
518 776
518 936
518 630
518 889
518 893
518 831
519 582
519 712
519 904
520 972
520 535
521 975
521 765
521 759
522 692
522 894
522 703
523 898
523 807
523 853
523 920
523 575
524 928
524 526
525 615
525 841
525 623
525 979
526 864
526 899
526 708
526 998
526 857
527 611
527 644
527 822
527 952
527 543
528 930
528 667
528 855
529 577
529 744
529 784
530 698
530 644
530 863
531 832
531 961
531 802
531 976
531 774
531 784
531 762
531 862
531 767
532 640
532 976
532 938
532 560
532 853
533 738
533 951
533 952
534 586
534 913
534 629
534 670
535 861
536 688
536 594
536 857
536 761
536 638
537 910
537 946
537 628
537 891
537 732
538 580
538 758
539 993
539 906
539 666
539 637
539 543
540 783
541 839
541 959
541 974
542 641
542 555
542 705
542 829
543 970
543 645
544 929
544 978
544 951
544 958
545 611
545 646
545 551
545 892
546 797
546 720
546 567
546 922
547 968
547 681
548 864
548 897
548 717
548 660
548 585
549 679
549 908
549 665
550 905
550 850
551 645
551 617
551 685
551 669
552 905
552 789
552 629
553 581
553 936
553 585
553 913
553 979
553 852
553 969
553 798
553 895
554 816
554 586
554 972
554 720
555 604
555 821
556 704
556 752
556 979
556 791
557 859
557 599
557 867
557 631
557 795
558 584
558 844
559 899
559 910
560 868
560 713
560 686
560 894
560 735
561 993
561 651
562 754
562 566
562 857
562 859
563 785
563 593
563 790
564 880
564 586
564 848
565 802
565 647
566 778
566 974
566 623
566 852
566 863
567 648
568 922
569 865
569 712
569 599
569 955
571 704
571 737
571 596
572 729
572 990
574 834
574 963
574 919
574 584
574 786
575 613
575 617
575 603
576 769
577 929
577 693
577 855
577 917
579 647
579 656
579 757
579 950
579 667
579 893
580 811
580 785
581 840
581 877
581 730
582 861
583 722
583 637
584 859
584 911
585 608
585 847
585 976
585 926
586 832
586 864
586 805
586 617
586 914
586 788
587 874
587 630
587 667
587 828
587 893
588 673
588 787
588 660
588 792
588 955
588 797
588 607
589 806
590 834
590 806
590 811
590 921
590 895
591 896
591 901
591 776
592 780
592 652
592 838
593 960
594 806
594 696
594 862
595 821
595 601
595 861
596 675
596 859
596 686
597 931
597 676
597 965
597 815
597 891
598 643
598 762
599 670
600 632
600 714
600 604
600 981
601 962
601 900
601 949
602 609
602 946
602 953
603 946
603 887
603 699
604 711
604 681
605 832
605 657
605 763
605 718
605 745
606 648
606 817
606 762
606 918
607 995
607 836
607 617
608 935
608 756
610 749
611 842
611 620
611 805
611 885
611 769
613 663
614 739
614 774
614 974
614 787
615 896
616 768
616 949
617 996
617 848
617 950
618 889
618 994
619 933
619 911
619 658
619 659
619 669
620 682
621 973
622 976
622 894
623 960
623 868
624 642
624 931
624 674
624 959
625 897
625 654
625 692
625 667
626 996
626 965
626 845
627 643
627 908
629 962
630 868
630 679
631 981
631 828
632 979
632 859
633 942
633 822
633 856
633 828
633 733
634 676
635 865
635 674
635 806
635 735
636 754
636 805
637 866
637 678
638 749
638 799
639 744
639 971
639 901
641 642
642 968
642 844
642 813
642 945
642 659
642 852
643 976
644 870
644 756
644 891
645 900
645 937
645 656
645 915
645 663
646 700
646 822
647 940
648 931
649 774
649 825
649 731
649 885
650 868
650 695
650 920
651 692
652 966
652 840
652 662
653 941
653 706
654 991
655 960
655 837
655 945
655 790
655 927
656 828
656 814
656 894
656 791
656 953
656 797
657 768
657 695
658 714
658 951
658 926
659 989
659 861
660 720
660 689
660 922
661 927
662 706
662 869
662 687
663 738
663 675
663 827
664 957
665 794
665 930
666 905
666 683
666 878
667 868
668 675
668 900
668 776
668 850
668 921
670 806
671 899
671 885
672 742
672 860
673 790
674 685
674 764
675 763
676 737
676 973
677 859
677 791
678 774
678 917
679 793
680 899
680 892
680 764
681 951
682 832
682 737
682 803
682 860
683 962
683 949
684 996
684 745
684 812
684 876
684 857
685 904
685 878
685 982
686 959
687 788
688 808
688 713
688 729
688 892
689 777
689 862
689 702
690 966
690 783
690 753
692 747
692 776
692 964
692 831
693 708
693 822
693 816
694 697
695 783
695 841
697 780
697 850
697 989
698 708
698 906
698 818
698 858
699 879
700 704
700 903
700 757
701 780
701 934
702 844
703 805
703 756
704 741
704 779
705 761
706 909
706 754
706 979
706 886
706 825
706 796
707 968
708 772
708 811
708 854
710 960
710 972
710 846
710 943
710 757
711 898
713 929
714 743
714 855
714 931
715 937
716 982
717 748
717 821
718 809
719 785
719 940
719 862
720 769
720 898
720 959
722 968
722 758
722 983
723 809
725 889
726 975
726 796
726 757
726 982
726 959
727 737
727 932
727 915
727 795
728 839
730 909
731 800
732 861
733 777
733 848
734 984
734 818
734 827
736 938
736 954
736 953
737 930
737 859
739 879
739 743
739 777
739 884
740 847
740 794
741 992
741 977
741 815
741 913
741 883
742 771
742 964
742 746
742 883
742 829
743 998
743 787
743 886
744 922
746 868
747 839
747 958
748 959
749 934
749 935
749 926
750 952
750 986
751 929
752 965
752 972
752 762
753 995
753 844
755 775
755 819
755 757
755 826
756 915
756 890
756 957
757 876
757 957
758 849
758 814
759 920
759 836
760 809
760 803
761 882
762 940
762 882
763 960
763 789
764 991
765 876
765 917
766 849
766 850
767 875
768 904
770 998
770 859
770 861
771 798
772 865
772 965
772 967
772 985
772 988
773 974
773 949
775 900
775 903
775 958
776 995
776 843
776 976
776 851
777 866
777 805
777 820
778 993
778 918
778 956
778 829
780 803
780 797
782 897
782 965
783 870
783 878
784 969
785 968
785 988
788 934
789 923
789 932
789 963
790 796
795 807
796 963
796 932
798 953
798 893
799 824
799 985
801 888
802 899
802 844
802 913
803 879
803 819
805 807
805 981
805 984
805 925
806 891
806 850
807 848
807 950
807 982
808 912
808 872
808 951
809 884
811 840
811 880
812 881
812 994
815 923
815 891
819 986
820 998
820 886
821 942
821 829
822 928
822 996
824 976
824 866
825 999
826 860
827 911
827 888
828 945
828 829
829 861
830 898
830 989
832 923
833 889
833 956
833 847
837 859
838 897
839 905
839 915
839 969
840 940
843 929
843 993
843 878
843 895
844 953
845 961
845 854
846 961
847 936
847 859
848 970
850 995
851 960
851 969
851 972
851 922
851 988
853 994
855 974
855 921
856 919
856 879
856 874
858 929
858 991
859 935
861 899
863 872
864 925
864 893
867 997
867 875
867 927
868 935
868 904
868 917
869 972
870 879
871 982
874 907
874 884
875 975
879 909
880 997
880 974
881 964
881 953
882 997
882 998
884 978
888 900
889 894
890 959
891 956
892 896
893 931
894 972
894 946
894 914
896 909
897 934
897 947
899 992
904 968
907 913
911 952
912 943
919 971
920 942
921 988
921 943
929 974
930 971
933 984
935 974
941 961
941 968
942 975
946 966
947 985
951 992
963 970
964 971
964 972
975 989