0 1
0 2
0 3
0 4
0 5
0 6
0 7
0 8
0 9
0 11
0 25
0 70
1 2
1 3
1 4
1 5
1 6
1 7
1 8
1 9
1 40
2 3
2 4
2 5
2 6
2 7
2 8
2 9
2 39
2 37
3 4
3 5
3 6
3 7
3 8
3 9
3 57
3 60
3 68
4 5
4 6
4 7
4 8
4 9
4 42
4 53
5 6
5 7
5 8
5 9
6 7
6 8
6 9
7 65
7 8
7 9
8 9
8 96
8 55
8 89
9 46
9 17
9 87
10 38
10 54
11 23
11 52
11 71
12 38
12 95
13 76
13 77
13 16
13 20
13 24
13 84
13 58
13 29
14 43
14 84
14 78
14 30
15 27
15 76
15 71
16 98
16 91
16 86
16 31
17 64
17 89
17 54
17 79
18 67
18 27
18 45
18 38
18 61
19 59
19 43
19 70
20 83
20 99
21 80
21 66
21 78
21 31
22 43
22 62
22 79
23 40
23 42
23 82
23 54
23 31
24 74
24 76
25 93
25 61
26 30
26 87
27 85
27 50
27 70
28 49
28 58
28 75
29 88
29 83
29 39
30 70
30 72
30 73
30 57
32 45
33 96
33 35
33 92
34 52
34 76
34 69
35 80
35 99
35 77
35 47
36 48
36 58
36 44
37 44
37 93
38 97
38 42
38 82
40 44
41 74
41 55
42 45
43 99
43 46
43 82
44 65
45 98
45 82
45 48
47 65
47 76
48 97
48 91
48 62
49 64
49 75
49 87
49 90
49 94
50 92
51 65
51 74
51 59
51 84
51 55
53 96
53 60
54 99
54 68
54 69
54 80
55 79
56 73
56 74
56 77
57 85
59 88
59 99
62 84
63 96
63 84
64 93
65 69
66 99
67 96
68 77
68 78
68 79
68 95
69 81
70 72
70 86
71 96
71 75
71 93
72 78
73 74
73 76
73 86
74 83
75 96
80 81
82 97
84 90
85 94
87 96
91 97
92 99